0.8  2025-05-09  10:43:04.997082
0.8  2025-05-09  10:43:04.997090
