1.6  2025-03-28  10:41:41.411142
1.6  2025-03-28  10:41:41.411150
