5.3  2025-08-27  10:41:02.097975
5.3  2025-08-27  10:41:02.097985
