0.9  2025-03-22  10:41:08.746595
0.9  2025-03-22  10:41:08.746604
