2.9  2025-02-15  10:37:07.522582
2.9  2025-02-15  10:37:07.522603
